 DECEMBER 26 2024  01  A01                      20243542024361  2024121920241226
  JANUARY 02 2025  02   01                      20243612025002  2024122620250102
  JANUARY 09 2025  03   01                      20250022025009  2025010220250109
  JANUARY 16 2025  04   01                      20250092025016  2025010920250116
  JANUARY 23 2025  05   01                      20250162025023  2025011620250123
  JANUARY 30 2025  06  L01                      20250232025030  2025012320250130
 FEBRUARY 06 2025  07  A02                      20250302025037  2025013020250206
 FEBRUARY 13 2025  08   02                      20250372025044  2025020620250213
 FEBRUARY 20 2025  09   02                      20250442025051  2025021320250220
 FEBRUARY 27 2025  10  L02                      20250512025058  2025022020250227
    MARCH 06 2025  11  A03                      20250582025065  2025022720250306
    MARCH 13 2025  12   03                      20250652025072  2025030620250313
    MARCH 20 2025  13   03                      20250722025079  2025031320250320
    MARCH 27 2025  14  L03                      20250792025086  2025032020250327
    APRIL 03 2025  15  A04                      20250862025093  2025032720250403
    APRIL 10 2025  16   04                      20250932025100  2025040320250410
    APRIL 17 2025  17   04                      20251002025107  2025041020250417
    APRIL 24 2025  18  L04                      20251072025114  2025041720250424
      MAY 01 2025  19  A05                      20251142025121  2025042420250501
      MAY 08 2025  20   05                      20251212025128  2025050120250508
      MAY 15 2025  21   05                      20251282025135  2025050820250515
      MAY 22 2025  22   05                      20251352025142  2025051520250522
      MAY 29 2025  23  L05                      20251422025149  2025052220250529
     JUNE 05 2025  24  A06                      20251492025156  2025052920250605
     JUNE 12 2025  25   06                      20251562025163  2025060520250612
     JUNE 19 2025  26   06                      20251632025170  2025061220250619
     JUNE 26 2025  27  L06                      20251702025177  2025061920250626
     JULY 03 2025  28  A07                      20251772025184  2025062620250703
     JULY 10 2025  29   07                      20251842025191  2025070320250710
     JULY 17 2025  30   07                      20251912025198  2025071020250717
     JULY 24 2025  31   07                      20251982025205  2025071720250724
     JULY 31 2025  32  L07                      20252052025212  2025072420250731
   AUGUST 07 2025  33  A08                      20252122025219  2025073120250807
   AUGUST 14 2025  34   08                      20252192025226  2025080720250814
   AUGUST 21 2025  35   08                      20252262025233  2025081420250821
   AUGUST 28 2025  36  L08                      20252332025240  2025082120250828
SEPTEMBER 04 2025  37  A09                      20252402025247  2025082820250904
SEPTEMBER 11 2025  38   09                      20252472025254  2025090420250911
SEPTEMBER 18 2025  39   09                      20252542025261  2025091120250918
SEPTEMBER 25 2025  40  L09                      20252612025268  2025091820250925
  OCTOBER 02 2025  41  A10                      20252682025275  2025092520251002
  OCTOBER 09 2025  42   10                      20252752025282  2025100220251009
  OCTOBER 16 2025  43   10                      20252822025289  2025100920251016
  OCTOBER 23 2025  44   10                      20252892025296  2025101620251023
  OCTOBER 30 2025  45  L10                      20252962025303  2025102320251030
 NOVEMBER 06 2025  46  A11                      20253032025310  2025103020251106
 NOVEMBER 13 2025  47   11                      20253102025317  2025110620251113
 NOVEMBER 20 2025  48   11                      20253172025324  2025111320251120
 NOVEMBER 27 2025  49  L11                      20253242025331  2025112020251127
 DECEMBER 04 2025  50  A12                      20253312025338  2025112720251204
 DECEMBER 11 2025  51   12                      20253382025345  2025120420251211
 DECEMBER 18 2025  52  L12                      20253452025352  2025121120251218